<?xml version="1.0"?>
<opencv_storage>
<RMS>1.0071920032435446e+00</RMS>
<K type_id="opencv-matrix">
  <rows>3</rows>
  <cols>3</cols>
  <dt>d</dt>
  <data>
    1.4483508594846076e+03 0. 6.1226932641286032e+02 0.
    1.4826703952153259e+03 3.9256621320450000e+02 0. 0. 1.</data></K>
<dist type_id="opencv-matrix">
  <rows>1</rows>
  <cols>5</cols>
  <dt>d</dt>
  <data>
    -2.4666386965399628e-01 -3.2186537255569125e-01
    8.9135424747182387e-03 2.0334097235011764e-03 2.5190960222249958e-01</data></dist>
</opencv_storage>
